56
100
90
66
70
46
90
22
100
28
12
68
58
18
2
44
62
54
12
88
74
22
34
88
58
66
72
28
32
36
50
4
64
70
78
40
22
10
94
54
50
60
54
56
4
92
36
20
46
22
24
72
90
6
80
44
36
60
78
16
62
34
96
54
46
36
6
86
60
34
18
18
66
70
100
12
4
94
58
74
12
36
18
76
92
64
100
40
26
76
8
100
98
36
56
38
100
80
12
30
90
46
50
4
62
16
32
78
10
94
14
18
86
90
72
80
14
64
66
60
14
78
40
8
4
60
60
40
82
74
58
98
12
98
84
38
38
100
12
24
82
58
32
18
74
100
96
26
8
34
34
76
44
78
66
76
38
54
88
22
86
24
84
40
60
80
70
50
72
38
38
70
60
46
70
12
40
38
22
34
78
42
90
16
2
12
50
58
26
82
8
72
76
76
92
100
96
14
74
94
46
4
40
20
42
94
76
100
30
60
24
64
28
72
92
62
48
20
38
72
26
82
54
48
6
88
54
96
76
38
68
90
36
80
62
52
76
72
58
4
100
92
32
72
2
10
52
18
46
40
44
78
88
40
46
32
4
62
6
46
40
16
98
58
2
62
52
30
16
84
66
82
66
60
56
96
98
100
20
96
72
54
10
8
72
32
78
86
60
32
8
62
50
72
18
78
82
68
38
6
38
96
94
40
24
64
8
74
12
78
86
46
22
82
70
48
86
40
10
14
78
26
80
54
78
64
68
26
82
4
30
34
62
46
24
72
60
10
70
96
26
40
60
18
12
62
6
36
52
70
94
82
48
58
70
34
34
40
46
42
54
28
98
70
12
74
52
88
32
66
100
98
54
18
92
16
10
76
66
14
56
24
86
4
34
24
32
30
6
22
84
6
30
20
62
34
26
10
98
46
90
84
74
96
96
42
52
12
2
54
98
44
70
52
26
8
14
68
58
42
26
84
28
88
80
44
30
84
2
36
14
34
76
84
72
84
94
40
96
88
82
98
40
82
4
10
40
26
80
58
8
48
82
52
58
88
72
100
66
12
2
16
86
8
86
40
66
58
12
82
88
