13
85
95
15
3
53
45
3
5
67
11
29
59
51
9
33
77
97
63
87
15
25
33
73
47
49
11
19
97
29
87
59
29
87
99
91
73
47
49
91
45
19
11
89
19
73
5
61
69
79
89
33
83
11
15
51
33
63
27
13
73
11
23
89
97
85
79
27
43
69
49
29
85
15
21
21
5
7
69
55
45
99
95
35
67
3
13
73
35
67
7
67
77
95
41
53
17
87
29
91
65
71
61
21
43
91
29
77
39
35
75
99
55
85
61
9
21
85
79
11
17
29
73
69
25
57
15
39
93
97
61
85
29
95
83
89
75
61
89
29
25
67
17
79
43
75
41
99
15
11
47
79
51
51
59
79
65
75
27
73
55
21
7
69
81
69
53
47
77
77
93
87
85
35
89
81
57
51
39
91
93
91
31
81
83
13
17
43
95
5
51
5
3
23
25
31
95
21
89
43
91
89
81
45
77
25
13
51
85
21
31
31
35
61
9
47
51
67
83
99
21
83
53
89
23
91
13
17
57
99
63
45
63
99
29
41
37
67
97
75
81
43
41
19
25
53
9
17
73
37
77
67
61
75
77
29
39
7
79
27
11
49
79
45
89
27
33
39
95
29
91
81
17
55
7
3
9
31
37
35
85
33
37
77
85
5
97
33
87
91
95
81
9
65
81
31
61
21
15
1
11
81
85
51
9
37
67
47
61
97
53
33
77
87
37
29
5
97
89
93
91
97
57
29
93
87
7
17
13
17
47
35
27
49
93
67
59
55
95
23
69
33
83
99
79
39
51
15
43
71
65
7
63
65
51
43
77
75
13
55
21
65
57
77
89
59
5
65
67
75
21
19
71
63
83
1
35
17
37
59
57
77
49
23
7
15
97
47
83
85
57
77
49
49
23
47
91
87
39
19
79
43
63
43
67
13
55
51
25
7
43
63
61
41
63
65
25
45
93
79
69
87
27
73
59
17
59
81
37
87
43
65
69
25
53
5
67
7
31
29
83
79
59
89
77
51
39
99
41
97
39
41
65
1
45
65
53
7
57
29
19
53
57
29
67
47
97
55
79
45
37
53
53
47
5
65
67
87
33
57
25
33
87
31
45
49
43
75
71
15
79
1
99
21
21
21
95
67
43
11
99
97
93
11
43
35
39
3
19
35
31
71
29
83
17
93
49
39
67
3
3
63
75
83
33
1
13
29
21
