21
36
44
29
6
90
13
1
33
83
75
36
63
4
3
54
60
50
54
94
3
22
40
67
39
49
93
50
17
32
28
83
29
58
71
31
35
74
88
12
54
62
44
2
19
58
3
12
28
39
22
90
35
70
66
43
11
93
88
82
12
97
66
99
86
11
43
67
95
21
21
21
72
88
58
52
99
1
8
79
80
26
15
10
71
75
40
98
43
49
96
45
94
31
87
84
76
34
33
36
25
57
30
33
80
88
28
87
26
67
65
5
47
8
26
52
53
44
53
37
45
79
52
42
55
97
74
47
67
46
98
10
26
29
57
53
30
6
19
22
6
29
57
24
7
4
53
24
56
65
45
1
65
16
92
41
54
39
97
66
32
41
52
99
39
51
77
89
54
59
46
79
83
29
31
7
67
82
5
70
53
36
6
25
12
69
65
40
43
96
70
10
87
72
37
46
81
59
17
4
59
73
68
27
87
54
69
79
93
45
25
65
86
48
70
63
41
61
86
78
63
43
7
25
51
40
94
55
38
13
38
68
67
43
63
72
43
79
8
32
60
86
19
39
72
87
10
91
72
47
23
49
98
49
56
60
77
57
85
84
16
30
52
62
2
58
98
83
40
47
97
15
7
32
23
40
88
78
44
49
46
18
77
57
2
59
37
17
100
4
35
1
76
52
62
80
36
83
68
38
63
96
71
88
6
48
19
21
26
75
38
20
48
67
65
5
59
89
24
60
30
100
76
77
57
65
21
55
13
75
74
77
96
43
51
76
65
63
8
82
7
65
50
12
2
16
90
42
71
43
22
38
40
15
51
39
79
70
38
99
72
50
70
80
60
83
33
69
23
95
55
54
38
76
59
78
44
76
67
34
93
26
96
49
27
18
32
35
82
24
12
100
47
17
13
17
7
98
58
74
87
40
93
29
57
97
91
93
89
97
66
64
14
5
72
90
86
29
14
37
10
87
32
77
33
53
97
61
47
67
37
9
100
51
85
36
81
100
11
1
26
15
100
64
21
61
18
31
12
81
65
9
4
81
95
91
66
87
18
33
97
5
6
36
85
54
77
34
37
33
78
85
35
72
24
37
46
31
92
9
3
78
70
64
4
7
72
55
17
34
22
18
81
100
46
90
91
56
58
13
8
29
16
95
39
66
100
33
48
27
89
45
79
49
11
27
84
72
79
2
84
44
84
7
39
29
77
70
75
54
61
12
96
96
67
77
34
62
37
84
73
17
34
86
9
53
25
19
41
98
43
88
74
81
70
98
28
75
97
34
34
70
67
37
94
52
41
29
99
63
45
24
63
34
30
99
26
64
57
17
26
78
13
91
23
89
53
46
83
74
8
64
24
96
21
82
78
18
99
83
78
32
8
67
51
47
100
9
61
82
35
16
46
6
62
4
46
40
31
10
31
21
85
51
13
25
76
77
45
82
72
81
89
91
43
64
89
21
95
31
25
23
94
14
100
3
76
72
5
51
5
34
12
70
46
60
95
43
84
24
17
22
13
83
34
8
81
31
91
38
93
91
98
12
82
60
39
4
51
57
81
89
35
80
18
85
78
87
62
93
50
46
77
30
77
47
38
56
53
8
76
40
69
76
81
69
7
21
12
100
55
18
73
27
86
46
75
62
65
60
79
59
51
51
10
79
66
88
68
47
11
2
12
15
58
99
4
82
82
41
40
75
42
43
79
14
17
67
84
25
20
29
89
61
75
89
83
95
100
29
42
85
58
61
97
18
93
26
39
15
82
78
57
14
10
25
82
69
12
73
50
29
54
96
17
96
11
66
79
85
21
92
58
9
90
61
54
85
92
72
55
99
42
20
40
4
75
92
26
35
78
39
77
86
88
66
29
91
43
21
61
71
65
91
78
29
87
94
16
4
17
12
53
98
41
36
95
58
77
70
34
60
67
7
67
35
20
73
13
100
3
67
35
95
99
58
68
45
2
55
69
7
5
21
21
15
18
85
40
48
29
49
69
62
43
27
22
79
62
85
97
89
72
23
11
73
13
27
63
33
51
15
40
11
74
58
38
84
60
83
33
89
79
69
80
92
61
5
96
16
80
73
56
19
89
11
40
19
14
98
45
91
32
49
47
76
10
73
91
60
60
99
87
29
20
59
87
32
72
29
62
28
94
46
58
38
97
8
19
11
60
49
74
47
73
36
33
82
88
90
30
14
66
25
62
80
40
6
15
87
54
63
40
14
97
94
22
86
77
66
33
9
51
59
29
11
67
12
5
100
3
52
45
53
3
90
15
95
85
40